..53.. ι .

6677717171 der Beteiligung 777 den 1676771176777 Ubungen und andere
die Gesundheit der 87176177 fordernde Verhaltnisse.

e uss —
fflassenaus—
genommen
Zahl der gr6ssoren
uflwanderungen
t denffmnssi'd‘gah'
leben in den Haupt-
ferien aut dem Laude

F
leben das

au

derxxengen
ssfigen) te

· 777777777777 7

17 .· 71177771771701⁸
777 7 7719 17 7 777 77 77 7
777 . 777777777777777
7777 ,7ο 77 77 7 777 77 77 7
7777 77 77 7 714 77 77 777
1 77 77 77 77 77177 77 70 777
7771717 7777777777

77 71717711777071
777 77771771717 71771177171-17
v111171717711 17-1117717177117

Summo 367 372 Πδ 139 ...ff-25*- 194 10‘7'777177 177 3371326192 46 279

-τ77777ηι-7777767777ῖ7767777777777777Ἳ77-71
Τ, im 364

Vof'jahre

ἕ

ωιο-οοωωοοοιιο-«ι
ἓῧᾶξὲἳὲἓξδὸ

·7777777777;77777’777
77777777777777777
7777777777777777777

7
7
§277777777777-
77777777747777707717777
‚ 777 7077 77 74 77 70 17 77 17 777
‚.. 7777777777777717171117774
-777777777777772
7777777 7777777777
7

733 33 32 221018 9 262

20

26 3

34 21131616 292
23 4 16 13 12 12 273

2

303 4

33 2
ς1117161110 273
7
3

1

1

2

2

2

230

230
26

6 632
37 77
³ 77

7
, - 71 11 7
177017717777117710177
., -717777777777701717107777
” 733733373337
’’777777777777777777777777
777777777777777777777777

77 77 77 77 70 777717171711777
-777771777777777777771771717 77771

3777771777 ..... 689 639 664 1667 636 631 790 391 274 296 264 6842

nurchschnittl. an >
einem Spiellage 24 26 7 77 27 26 26 32 16 11 12 11 234

147816246

21
26
29
29
28
26
26 6 18 14 16 261

4
3
3

l
7
7
7
7
7
7
7
97
17
11
17
17
77
17
77
17
77
77
77
71
77
77

 

